    unsorted:	 171.3472991 171.3472991 171.3472991 171.3472991 171.3472991 171.3472991 171.3472991 171.3472991 171.3472991 171.3472991 304.4944095 300.8105993 283.5156416 267.0056968 253.6438166 245.6030328 332.9748013 213.1041629 385.7813388 420.3319622 436.7209017 495.0380762 532.9762256 130.0285512 598.5988082 72.77629633 692.8840730 825.7754194 973.7348271 1078.363694 1160.206896 1215.439263 1658.369145 1601.040633 1814.772058 1895.874481 2057.429190 2452.369034 2870.370704 3301.345165 3610.862269 4327.725329 5309.560842 5598.972385 5778.972258 6454.785159 7384.688947 12850.72445 13360.57623 24654.79893 34176.49078 39346.90764 73381.26314 105078.6499 2985091.642
      sorted:	 72.77629633 130.0285512 171.3472991 171.3472991 171.3472991 171.3472991 171.3472991 171.3472991 171.3472991 171.3472991 171.3472991 171.3472991 213.1041629 245.6030328 253.6438166 267.0056968 283.5156416 300.8105993 304.4944095 332.9748013 385.7813388 420.3319622 436.7209017 495.0380762 532.9762256 598.5988082 692.8840730 825.7754194 973.7348271 1078.363694 1160.206896 1215.439263 1601.040633 1658.369145 1814.772058 1895.874481 2057.429190 2452.369034 2870.370704 3301.345165 3610.862269 4327.725329 5309.560842 5598.972385 5778.972258 6454.785159 7384.688947 12850.72445 13360.57623 24654.79893 34176.49078 39346.90764 73381.26314 105078.6499 2985091.642
