    unsorted:	 171.3472991 171.3472991 171.3472991 171.3472991 171.3472991 171.3472991 171.3472991 171.3472991 171.3472991 171.3472991 278.9040872 272.1686516 308.5130587 327.7286478 331.9268921 347.3281115 359.7704557 373.7962737 384.4075631 224.7651231 217.3037505 198.6533454 435.6912077 530.4549746 578.9205013 671.0564206 27.61191045 781.6751136 885.9788643 1022.121368 1102.185407 1146.302677 1283.643530 1364.341551 1568.846667 1689.024439 1938.055289 2356.036186 2619.379058 3407.270934 3739.245607 3936.111014 4614.122162 5163.347044 7388.606640 7959.750210 8589.881978 9614.784947 16265.16176 19807.37642 28258.71167 54133.60516 75535.61388 5069614.344
      sorted:	 27.61191045 171.3472991 171.3472991 171.3472991 171.3472991 171.3472991 171.3472991 171.3472991 171.3472991 171.3472991 171.3472991 198.6533454 217.3037505 224.7651231 272.1686516 278.9040872 308.5130587 327.7286478 331.9268921 347.3281115 359.7704557 373.7962737 384.4075631 435.6912077 530.4549746 578.9205013 671.0564206 781.6751136 885.9788643 1022.121368 1102.185407 1146.302677 1283.643530 1364.341551 1568.846667 1689.024439 1938.055289 2356.036186 2619.379058 3407.270934 3739.245607 3936.111014 4614.122162 5163.347044 7388.606640 7959.750210 8589.881978 9614.784947 16265.16176 19807.37642 28258.71167 54133.60516 75535.61388 5069614.344
