    unsorted:	 171.3472991 171.3472991 171.3472991 171.3472991 171.3472991 171.3472991 171.3472991 171.3472991 171.3472991 171.3472991 321.4672318 306.2386299 295.1450219 274.3585229 347.2194614 241.2158873 373.0718344 223.1795530 206.6185962 397.3504102 432.3127632 459.1824363 123.5696547 544.0028885 643.0459838 706.6146199 801.0607447 6.564042266 865.5912562 892.8484293 1049.136486 1229.914241 1437.172193 1619.735458 1817.382977 1987.608808 2299.338562 2808.643869 3173.057961 3293.278747 3757.026828 3996.793336 4774.017608 6649.063618 7759.732375 8103.176394 10819.90601 13878.13197 19456.86597 26740.96102 39545.09833 54924.99792 73128.99144 2830594.799
      sorted:	 6.564042266 123.5696547 171.3472991 171.3472991 171.3472991 171.3472991 171.3472991 171.3472991 171.3472991 171.3472991 171.3472991 171.3472991 206.6185962 223.1795530 241.2158873 274.3585229 295.1450219 306.2386299 321.4672318 347.2194614 373.0718344 397.3504102 432.3127632 459.1824363 544.0028885 643.0459838 706.6146199 801.0607447 865.5912562 892.8484293 1049.136486 1229.914241 1437.172193 1619.735458 1817.382977 1987.608808 2299.338562 2808.643869 3173.057961 3293.278747 3757.026828 3996.793336 4774.017608 6649.063618 7759.732375 8103.176394 10819.90601 13878.13197 19456.86597 26740.96102 39545.09833 54924.99792 73128.99144 2830594.799
