    unsorted:	 171.3472991 171.3472991 171.3472991 171.3472991 171.3472991 171.3472991 171.3472991 171.3472991 171.3472991 171.3472991 323.0637774 303.6893239 293.5242193 347.3827618 372.2309832 264.2546354 241.3144721 395.4334462 224.8931880 206.1304264 459.3729701 426.1904616 490.6560394 547.0082675 84.65415932 649.8133549 709.6752370 4.649666356 805.9537292 865.9309921 966.2287773 1057.448691 1256.792232 1448.121263 1638.159850 1933.004070 2015.579626 2320.227220 2827.521084 3188.577540 3322.183632 3775.310395 4307.148387 4911.261984 6671.452486 7758.346308 8162.444792 10765.12020 13914.63688 19456.36625 26913.68326 54920.27819 73150.23790 2810132.562
      sorted:	 4.649666356 84.65415932 171.3472991 171.3472991 171.3472991 171.3472991 171.3472991 171.3472991 171.3472991 171.3472991 171.3472991 171.3472991 206.1304264 224.8931880 241.3144721 264.2546354 293.5242193 303.6893239 323.0637774 347.3827618 372.2309832 395.4334462 426.1904616 459.3729701 490.6560394 547.0082675 649.8133549 709.6752370 805.9537292 865.9309921 966.2287773 1057.448691 1256.792232 1448.121263 1638.159850 1933.004070 2015.579626 2320.227220 2827.521084 3188.577540 3322.183632 3775.310395 4307.148387 4911.261984 6671.452486 7758.346308 8162.444792 10765.12020 13914.63688 19456.36625 26913.68326 54920.27819 73150.23790 2810132.562
