    unsorted:	 171.3472991 171.3472991 171.3472991 171.3472991 171.3472991 171.3472991 171.3472991 171.3472991 171.3472991 171.3472991 307.9088311 307.5839812 290.3112010 274.1176596 250.6085760 338.4629906 353.8714557 382.2195087 396.4904686 418.1721083 218.1870384 201.7416257 470.8322170 510.2719187 602.8794604 1.693095537 5.606566059 701.9175854 765.4567909 839.6671015 924.9689699 1199.373733 1337.059481 1454.108094 1815.892232 1904.372547 2085.085510 2344.476595 2657.191576 3073.747513 3496.122068 4430.105057 4796.742820 5538.703051 6010.995754 8179.223534 9349.489709 11516.62486 16130.41751 21981.71260 30989.50083 53413.19187 76384.21995 5947581.737
      sorted:	 1.693095537 5.606566059 171.3472991 171.3472991 171.3472991 171.3472991 171.3472991 171.3472991 171.3472991 171.3472991 171.3472991 171.3472991 201.7416257 218.1870384 250.6085760 274.1176596 290.3112010 307.5839812 307.9088311 338.4629906 353.8714557 382.2195087 396.4904686 418.1721083 470.8322170 510.2719187 602.8794604 701.9175854 765.4567909 839.6671015 924.9689699 1199.373733 1337.059481 1454.108094 1815.892232 1904.372547 2085.085510 2344.476595 2657.191576 3073.747513 3496.122068 4430.105057 4796.742820 5538.703051 6010.995754 8179.223534 9349.489709 11516.62486 16130.41751 21981.71260 30989.50083 53413.19187 76384.21995 5947581.737
