    unsorted:	 171.3472991 171.3472991 171.3472991 171.3472991 171.3472991 171.3472991 171.3472991 171.3472991 171.3472991 171.3472991 348.4691790 352.5535222 327.8105244 314.1160634 308.3170122 281.1076924 266.3151634 242.1386635 392.6001556 420.0950309 227.9305318 439.7384965 196.2341695 486.0509693 549.1590577 646.2618461 737.0775255 808.8149644 13.87483204 861.3020065 1033.237023 1173.577852 1343.679140 1472.274456 1739.003693 1878.293335 2364.651368 2640.351419 3225.934043 3361.061767 3705.856607 4583.619056 5518.832923 6075.781303 7597.068236 8420.305341 10620.88117 14039.26446 18698.68076 26859.39758 39494.88559 53694.93211 74710.14131 2992317.844
      sorted:	 13.87483204 171.3472991 171.3472991 171.3472991 171.3472991 171.3472991 171.3472991 171.3472991 171.3472991 171.3472991 171.3472991 196.2341695 227.9305318 242.1386635 266.3151634 281.1076924 308.3170122 314.1160634 327.8105244 348.4691790 352.5535222 392.6001556 420.0950309 439.7384965 486.0509693 549.1590577 646.2618461 737.0775255 808.8149644 861.3020065 1033.237023 1173.577852 1343.679140 1472.274456 1739.003693 1878.293335 2364.651368 2640.351419 3225.934043 3361.061767 3705.856607 4583.619056 5518.832923 6075.781303 7597.068236 8420.305341 10620.88117 14039.26446 18698.68076 26859.39758 39494.88559 53694.93211 74710.14131 2992317.844
