    unsorted:	 171.3472991 171.3472991 171.3472991 171.3472991 171.3472991 171.3472991 171.3472991 171.3472991 171.3472991 171.3472991 331.2449980 310.4982965 297.5108605 272.6614239 238.1584342 222.7677478 376.3006179 197.1895289 178.2461528 410.7285719 443.9919984 473.6986788 113.2161261 562.2422267 571.7851058 80.60042407 674.0445712 887.0623488 922.5534420 1127.001914 1278.964675 1564.097626 1622.224731 1747.380147 1946.111742 2050.232657 2275.296761 2585.186396 3066.138734 3183.674366 4362.619140 4717.133749 5086.883061 5869.346480 6371.063167 6678.195734 8911.021472 11186.24841 15871.59400 25241.27740 34790.28204 39476.69831 70944.91798 105837.7278 7480064.116
      sorted:	 80.60042407 113.2161261 171.3472991 171.3472991 171.3472991 171.3472991 171.3472991 171.3472991 171.3472991 171.3472991 171.3472991 171.3472991 178.2461528 197.1895289 222.7677478 238.1584342 272.6614239 297.5108605 310.4982965 331.2449980 376.3006179 410.7285719 443.9919984 473.6986788 562.2422267 571.7851058 674.0445712 887.0623488 922.5534420 1127.001914 1278.964675 1564.097626 1622.224731 1747.380147 1946.111742 2050.232657 2275.296761 2585.186396 3066.138734 3183.674366 4362.619140 4717.133749 5086.883061 5869.346480 6371.063167 6678.195734 8911.021472 11186.24841 15871.59400 25241.27740 34790.28204 39476.69831 70944.91798 105837.7278 7480064.116
