    unsorted:	 171.3472991 171.3472991 171.3472991 171.3472991 171.3472991 171.3472991 171.3472991 171.3472991 171.3472991 171.3472991 316.2658076 311.7337003 293.0976872 279.5404280 257.0251485 344.6094675 356.1172875 223.9888147 214.6016773 392.5184428 418.5374947 466.2797657 518.9949030 591.7061586 1.500884488 16.62729372 707.8570654 768.7848527 827.6703037 903.2391440 1193.802232 1342.319028 1326.581534 1712.095087 1903.619336 2004.506832 2327.190232 2589.883683 2972.278817 3495.723951 4368.201593 4456.505511 5394.675124 5861.762090 8117.434331 9261.288616 11299.49381 16086.85109 21950.22208 31060.37746 39494.09915 53397.25728 76362.69256 5796767.057
      sorted:	 1.500884488 16.62729372 171.3472991 171.3472991 171.3472991 171.3472991 171.3472991 171.3472991 171.3472991 171.3472991 171.3472991 171.3472991 214.6016773 223.9888147 257.0251485 279.5404280 293.0976872 311.7337003 316.2658076 344.6094675 356.1172875 392.5184428 418.5374947 466.2797657 518.9949030 591.7061586 707.8570654 768.7848527 827.6703037 903.2391440 1193.802232 1326.581534 1342.319028 1712.095087 1903.619336 2004.506832 2327.190232 2589.883683 2972.278817 3495.723951 4368.201593 4456.505511 5394.675124 5861.762090 8117.434331 9261.288616 11299.49381 16086.85109 21950.22208 31060.37746 39494.09915 53397.25728 76362.69256 5796767.057
