    unsorted:	 171.3472991 171.3472991 171.3472991 171.3472991 171.3472991 171.3472991 171.3472991 171.3472991 171.3472991 171.3472991 242.3543147 262.9445685 276.1731302 226.5971603 295.6275169 304.6202677 218.4776835 333.8796776 348.2547279 394.6114145 415.1373398 472.4956897 497.1780908 532.4062756 634.8125050 39.66169070 7.035168290 717.1963225 835.7449675 897.1479413 970.9981927 1147.888760 1188.608093 1509.958376 1542.933722 1757.271376 2174.655656 2492.607528 2666.024110 3314.683666 3348.824278 3692.706211 5924.063873 6078.676854 7854.746538 10238.51578 12725.29903 12588.01070 19596.52737 27914.67314 39400.79807 53956.65525 74726.19273 3113052.332
      sorted:	 7.035168290 39.66169070 171.3472991 171.3472991 171.3472991 171.3472991 171.3472991 171.3472991 171.3472991 171.3472991 171.3472991 171.3472991 218.4776835 226.5971603 242.3543147 262.9445685 276.1731302 295.6275169 304.6202677 333.8796776 348.2547279 394.6114145 415.1373398 472.4956897 497.1780908 532.4062756 634.8125050 717.1963225 835.7449675 897.1479413 970.9981927 1147.888760 1188.608093 1509.958376 1542.933722 1757.271376 2174.655656 2492.607528 2666.024110 3314.683666 3348.824278 3692.706211 5924.063873 6078.676854 7854.746538 10238.51578 12588.01070 12725.29903 19596.52737 27914.67314 39400.79807 53956.65525 74726.19273 3113052.332
