    unsorted:	 171.3472991 171.3472991 171.3472991 171.3472991 171.3472991 171.3472991 171.3472991 171.3472991 171.3472991 171.3472991 289.5778645 298.5315891 285.6524615 276.3071543 314.5411855 266.6079641 344.9163893 376.5479539 422.1894652 430.9936239 462.2405705 532.1491659 78.86706076 673.6478069 794.2503727 948.0739732 1018.250934 1096.205452 1251.279656 1401.759136 1688.359040 1982.056635 2187.332421 2622.537780 3059.325814 3338.464556 3677.261124 3649.931360 4855.937170 5985.199809 6941.372365 8307.491190 9473.298853 9841.418823 13503.87688 17758.94445 20149.03403 39488.81794 39014.73937 53848.40098 -53740.43784 85666.02242 846730.2356 4.825119965e+11
      sorted:	 -53740.43784 78.86706076 171.3472991 171.3472991 171.3472991 171.3472991 171.3472991 171.3472991 171.3472991 171.3472991 171.3472991 171.3472991 266.6079641 276.3071543 285.6524615 289.5778645 298.5315891 314.5411855 344.9163893 376.5479539 422.1894652 430.9936239 462.2405705 532.1491659 673.6478069 794.2503727 948.0739732 1018.250934 1096.205452 1251.279656 1401.759136 1688.359040 1982.056635 2187.332421 2622.537780 3059.325814 3338.464556 3649.931360 3677.261124 4855.937170 5985.199809 6941.372365 8307.491190 9473.298853 9841.418823 13503.87688 17758.94445 20149.03403 39014.73937 39488.81794 53848.40098 85666.02242 846730.2356 4.825119965e+11
