    unsorted:	 171.3472991 171.3472991 171.3472991 171.3472991 171.3472991 171.3472991 171.3472991 171.3472991 171.3472991 171.3472991 289.5778714 298.5314256 285.6509906 276.3049180 314.5392215 266.6054020 344.9145405 376.5461192 422.1888239 430.9934427 462.2388284 532.1477186 78.86706375 673.6456792 794.2498838 948.0726821 1018.249388 1096.204953 1251.279119 1401.757765 1688.357279 1982.055263 2187.331920 2622.536220 3059.325828 3338.462327 3677.261430 3649.931584 4855.934971 5985.198289 6941.371939 8307.491170 9473.297905 9841.417658 13503.87644 17758.94422 20149.03357 39488.81793 39014.73862 53848.40022 -53740.44519 85666.02264 846730.2399 4.825119977e+11
      sorted:	 -53740.44519 78.86706375 171.3472991 171.3472991 171.3472991 171.3472991 171.3472991 171.3472991 171.3472991 171.3472991 171.3472991 171.3472991 266.6054020 276.3049180 285.6509906 289.5778714 298.5314256 314.5392215 344.9145405 376.5461192 422.1888239 430.9934427 462.2388284 532.1477186 673.6456792 794.2498838 948.0726821 1018.249388 1096.204953 1251.279119 1401.757765 1688.357279 1982.055263 2187.331920 2622.536220 3059.325828 3338.462327 3649.931584 3677.261430 4855.934971 5985.198289 6941.371939 8307.491170 9473.297905 9841.417658 13503.87644 17758.94422 20149.03357 39014.73862 39488.81793 53848.40022 85666.02264 846730.2399 4.825119977e+11
