    unsorted:	 171.3472991 171.3472991 171.3472991 171.3472991 171.3472991 171.3472991 171.3472991 171.3472991 171.3472991 171.3472991 247.9440599 293.5660713 308.9803834 316.3428254 270.4117199 329.4627197 348.2917834 231.2597814 386.7545343 418.3219108 435.3799902 199.1317441 479.3945334 167.5066997 519.3941012 632.3077146 679.1076703 784.7459085 9.450609208 837.8018542 872.3467693 1038.371828 1177.493433 1368.849076 1473.008804 1796.567975 1913.925539 2372.109604 3228.684760 3129.087108 3362.087943 3743.409843 4586.330053 5524.935547 6058.777393 7603.501025 8452.572833 10642.51738 14088.58671 18717.12211 27073.05479 53688.36310 74728.67909 2958265.136
      sorted:	 9.450609208 167.5066997 171.3472991 171.3472991 171.3472991 171.3472991 171.3472991 171.3472991 171.3472991 171.3472991 171.3472991 171.3472991 199.1317441 231.2597814 247.9440599 270.4117199 293.5660713 308.9803834 316.3428254 329.4627197 348.2917834 386.7545343 418.3219108 435.3799902 479.3945334 519.3941012 632.3077146 679.1076703 784.7459085 837.8018542 872.3467693 1038.371828 1177.493433 1368.849076 1473.008804 1796.567975 1913.925539 2372.109604 3129.087108 3228.684760 3362.087943 3743.409843 4586.330053 5524.935547 6058.777393 7603.501025 8452.572833 10642.51738 14088.58671 18717.12211 27073.05479 53688.36310 74728.67909 2958265.136
