    unsorted:	 171.3472991 171.3472991 171.3472991 171.3472991 171.3472991 171.3472991 171.3472991 171.3472991 171.3472991 171.3472991 282.2123200 275.2541519 330.8521485 323.2223276 342.3291961 305.8491436 361.2581082 376.4558141 382.6015458 430.0000996 441.5047175 221.3743728 202.5687219 528.9193585 637.7565613 68.31836498 771.6569328 841.1173324 896.4170448 1025.856054 1104.683169 1262.526098 1366.037011 1571.507663 1668.365125 1936.957670 2311.382718 2551.634350 3249.573809 3414.499004 3909.498520 4509.241457 5114.859671 7376.627459 7914.773660 8506.615851 9521.073071 16226.00750 19791.12090 28120.72133 39400.54877 54129.17758 75483.50465 5019896.897
      sorted:	 68.31836498 171.3472991 171.3472991 171.3472991 171.3472991 171.3472991 171.3472991 171.3472991 171.3472991 171.3472991 171.3472991 202.5687219 221.3743728 275.2541519 282.2123200 305.8491436 323.2223276 330.8521485 342.3291961 361.2581082 376.4558141 382.6015458 430.0000996 441.5047175 528.9193585 637.7565613 771.6569328 841.1173324 896.4170448 1025.856054 1104.683169 1262.526098 1366.037011 1571.507663 1668.365125 1936.957670 2311.382718 2551.634350 3249.573809 3414.499004 3909.498520 4509.241457 5114.859671 7376.627459 7914.773660 8506.615851 9521.073071 16226.00750 19791.12090 28120.72133 39400.54877 54129.17758 75483.50465 5019896.897
