    unsorted:	 171.3472991 171.3472991 171.3472991 171.3472991 171.3472991 171.3472991 171.3472991 171.3472991 171.3472991 171.3472991 276.6838423 264.1334089 294.1840548 304.7390454 242.8202270 228.3332308 331.4102167 342.8627322 220.0040406 392.7337566 412.6105265 446.6236434 482.7133686 502.8525772 534.8894462 642.5998844 24.06254104 5.587633875 722.2017043 849.4776102 901.1681773 976.4721634 1149.012203 1373.662363 1525.663807 1544.014551 1820.303423 2179.456783 2504.816068 2676.558900 3318.089896 3406.927453 3716.201701 6066.884473 6345.042018 7884.630186 10211.01087 12702.60853 12644.12785 19596.74952 28107.56940 53953.40467 74750.96829 3091563.822
      sorted:	 5.587633875 24.06254104 171.3472991 171.3472991 171.3472991 171.3472991 171.3472991 171.3472991 171.3472991 171.3472991 171.3472991 171.3472991 220.0040406 228.3332308 242.8202270 264.1334089 276.6838423 294.1840548 304.7390454 331.4102167 342.8627322 392.7337566 412.6105265 446.6236434 482.7133686 502.8525772 534.8894462 642.5998844 722.2017043 849.4776102 901.1681773 976.4721634 1149.012203 1373.662363 1525.663807 1544.014551 1820.303423 2179.456783 2504.816068 2676.558900 3318.089896 3406.927453 3716.201701 6066.884473 6345.042018 7884.630186 10211.01087 12644.12785 12702.60853 19596.74952 28107.56940 53953.40467 74750.96829 3091563.822
